0.0463479384624966 -0.101888115465544
0.990417005233852 -0.721049275800780
-0.896690631168306 0.118238411045606
-1.04734229971692 0.0773974445803122
-0.0863051412855776 0.201527449497168
0.200961143249454 0.851850771883875
-0.298209700407447 -0.974280849895954
-0.474219015877073 0.375819463490025
0.768180718551227 0.0457005433438238
-1.57094498832368 -1.55159899639450
-0.491928881323813 -0.713420677752546
-0.820199832168686 0.370203064969004
1.96388139190908 0.0187346905779902
-1.67069860804969 0.475539284719928
-0.677113530787508 0.141287516161024
1.20939498165515 -0.166411055502831
0.416733001170623 0.789883882736839
-1.01691222799473 -1.08808811481668
1.25597826795102 0.477286192956588
1.17783729623008 0.339486076653027
-0.373375364082863 1.21356814664377
0.0827264054944242 -0.678112883974411
1.17112814271549 -0.941383714562923
-1.17700146389439 -0.0129565496385662
1.00615761480757 -0.288538712417723
0.275547008472905 -0.224783642537793
-0.0253680451594358 -0.466364171945553
0.640185858727822 -0.398602985545134
0.508840363550754 0.621702757358435
0.727508303501477 -0.766451663266319
-0.630906737245212 -0.434730659953238
0.534466118888680 0.838695470409409
0.337762627559334 -0.104541539047107
0.177105680654712 0.854563667893021
0.715336541657086 0.608674719041283
-0.356003015135655 0.479276906076365
0.484864353391020 -1.78783575352371
0.418747427631932 0.424252444040857
0.300063501065883 -0.852385983003917
1.05819861737040 1.19335061070525
0.863281085449364 0.302754971953253
0.0561830476279201 -0.760695445981498
0.123407455706054 0.308889137494650
0.637263500506730 0.798880098364107
0.107436348908465 -0.977523613243114
-0.683790105227087 0.0182616081146446
0.798094222600460 0.437716848633564
0.559483310599413 -1.14788312493696
0.239690523382268 0.150420287446948
-0.571672587678826 -0.637912990162860
0.320100183420166 -1.06331763249329
-0.594879311065332 0.0258150827991190
1.09387040650929 0.0620633623401496
-0.588076646019044 0.528387326651038
-0.833564792312887 0.686597484422073
-1.36236589508481 0.243812790144861
1.43706118273396 0.113560768053893
0.105015711236610 -0.255855653044223
0.837405696040403 0.203537735437250
-0.433774672478426 1.52017323855461
-0.000440521236097076 0.243590264292902
-0.892899999303910 1.85717810187499
-1.42305667393537 -0.267527684040101
0.616163735354089 -0.872324011132781
